0.000000000000000000e+00
0.000000000000000000e+00
0.000000000000000000e+00
0.000000000000000000e+00
0.000000000000000000e+00
0.000000000000000000e+00
0.000000000000000000e+00
0.000000000000000000e+00
0.000000000000000000e+00
0.000000000000000000e+00
0.000000000000000000e+00
0.000000000000000000e+00
0.000000000000000000e+00
0.000000000000000000e+00
0.000000000000000000e+00
0.000000000000000000e+00
0.000000000000000000e+00
0.000000000000000000e+00
0.000000000000000000e+00
0.000000000000000000e+00
0.000000000000000000e+00
0.000000000000000000e+00
0.000000000000000000e+00
0.000000000000000000e+00
0.000000000000000000e+00
0.000000000000000000e+00
0.000000000000000000e+00
0.000000000000000000e+00
0.000000000000000000e+00
0.000000000000000000e+00
0.000000000000000000e+00
0.000000000000000000e+00
0.000000000000000000e+00
0.000000000000000000e+00
0.000000000000000000e+00
0.000000000000000000e+00
0.000000000000000000e+00
0.000000000000000000e+00
0.000000000000000000e+00
0.000000000000000000e+00
0.000000000000000000e+00
0.000000000000000000e+00
0.000000000000000000e+00
0.000000000000000000e+00
0.000000000000000000e+00
0.000000000000000000e+00
0.000000000000000000e+00
0.000000000000000000e+00
0.000000000000000000e+00
0.000000000000000000e+00
0.000000000000000000e+00
0.000000000000000000e+00
0.000000000000000000e+00
0.000000000000000000e+00
0.000000000000000000e+00
0.000000000000000000e+00
0.000000000000000000e+00
0.000000000000000000e+00
0.000000000000000000e+00
0.000000000000000000e+00
0.000000000000000000e+00
0.000000000000000000e+00
0.000000000000000000e+00
0.000000000000000000e+00
0.000000000000000000e+00
0.000000000000000000e+00
0.000000000000000000e+00
0.000000000000000000e+00
0.000000000000000000e+00
0.000000000000000000e+00
0.000000000000000000e+00
0.000000000000000000e+00
0.000000000000000000e+00
0.000000000000000000e+00
0.000000000000000000e+00
0.000000000000000000e+00
0.000000000000000000e+00
0.000000000000000000e+00
0.000000000000000000e+00
0.000000000000000000e+00
0.000000000000000000e+00
0.000000000000000000e+00
0.000000000000000000e+00
0.000000000000000000e+00
0.000000000000000000e+00
0.000000000000000000e+00
0.000000000000000000e+00
0.000000000000000000e+00
3.000000000000000000e+00
0.000000000000000000e+00
2.550000000000000000e+02
2.550000000000000000e+02
2.500000000000000000e+02
2.550000000000000000e+02
2.530000000000000000e+02
2.550000000000000000e+02
2.550000000000000000e+02
2.550000000000000000e+02
2.550000000000000000e+02
2.550000000000000000e+02
2.550000000000000000e+02
2.550000000000000000e+02
2.550000000000000000e+02
2.550000000000000000e+02
2.550000000000000000e+02
2.550000000000000000e+02
2.550000000000000000e+02
2.550000000000000000e+02
2.550000000000000000e+02
2.550000000000000000e+02
2.550000000000000000e+02
2.550000000000000000e+02
2.550000000000000000e+02
2.550000000000000000e+02
2.550000000000000000e+02
2.550000000000000000e+02
2.550000000000000000e+02
2.550000000000000000e+02
2.550000000000000000e+02
2.550000000000000000e+02
2.550000000000000000e+02
2.550000000000000000e+02
2.550000000000000000e+02
2.550000000000000000e+02
2.550000000000000000e+02
2.550000000000000000e+02
2.550000000000000000e+02
2.550000000000000000e+02
2.550000000000000000e+02
2.550000000000000000e+02
2.550000000000000000e+02
2.550000000000000000e+02
2.550000000000000000e+02
2.550000000000000000e+02
2.550000000000000000e+02
2.550000000000000000e+02
2.550000000000000000e+02
2.550000000000000000e+02
2.550000000000000000e+02
2.550000000000000000e+02
2.550000000000000000e+02
2.550000000000000000e+02
2.550000000000000000e+02
2.550000000000000000e+02
2.550000000000000000e+02
2.550000000000000000e+02
2.550000000000000000e+02
2.550000000000000000e+02
2.550000000000000000e+02
2.550000000000000000e+02
2.550000000000000000e+02
2.550000000000000000e+02
2.550000000000000000e+02
2.550000000000000000e+02
2.550000000000000000e+02
2.550000000000000000e+02
2.550000000000000000e+02
2.550000000000000000e+02
2.550000000000000000e+02
2.550000000000000000e+02
2.550000000000000000e+02
2.550000000000000000e+02
2.550000000000000000e+02
2.550000000000000000e+02
2.550000000000000000e+02
2.550000000000000000e+02
2.550000000000000000e+02
2.550000000000000000e+02
2.550000000000000000e+02
2.550000000000000000e+02
2.550000000000000000e+02
2.550000000000000000e+02
2.550000000000000000e+02
2.550000000000000000e+02
2.550000000000000000e+02
2.550000000000000000e+02
0.000000000000000000e+00
0.000000000000000000e+00
0.000000000000000000e+00
0.000000000000000000e+00
0.000000000000000000e+00
0.000000000000000000e+00
0.000000000000000000e+00
0.000000000000000000e+00
0.000000000000000000e+00
0.000000000000000000e+00
0.000000000000000000e+00
0.000000000000000000e+00
0.000000000000000000e+00
0.000000000000000000e+00
0.000000000000000000e+00
0.000000000000000000e+00
0.000000000000000000e+00
0.000000000000000000e+00
0.000000000000000000e+00
0.000000000000000000e+00
0.000000000000000000e+00
0.000000000000000000e+00
0.000000000000000000e+00
0.000000000000000000e+00
0.000000000000000000e+00
0.000000000000000000e+00
0.000000000000000000e+00
0.000000000000000000e+00
0.000000000000000000e+00
0.000000000000000000e+00
0.000000000000000000e+00
0.000000000000000000e+00
0.000000000000000000e+00
0.000000000000000000e+00
0.000000000000000000e+00
0.000000000000000000e+00
0.000000000000000000e+00
0.000000000000000000e+00
0.000000000000000000e+00
0.000000000000000000e+00
0.000000000000000000e+00
0.000000000000000000e+00
0.000000000000000000e+00
0.000000000000000000e+00
0.000000000000000000e+00
0.000000000000000000e+00
0.000000000000000000e+00
0.000000000000000000e+00
0.000000000000000000e+00
0.000000000000000000e+00
0.000000000000000000e+00
0.000000000000000000e+00
0.000000000000000000e+00
0.000000000000000000e+00
0.000000000000000000e+00
0.000000000000000000e+00
2.000000000000000000e+00
1.000000000000000000e+00
1.000000000000000000e+00
0.000000000000000000e+00
5.000000000000000000e+00
2.520000000000000000e+02
2.550000000000000000e+02
2.530000000000000000e+02
2.550000000000000000e+02
2.550000000000000000e+02
2.550000000000000000e+02
2.550000000000000000e+02
2.550000000000000000e+02
2.550000000000000000e+02
2.550000000000000000e+02
2.550000000000000000e+02
2.550000000000000000e+02
2.550000000000000000e+02
2.550000000000000000e+02
2.550000000000000000e+02
2.550000000000000000e+02
2.550000000000000000e+02
2.550000000000000000e+02
2.550000000000000000e+02
2.550000000000000000e+02
2.550000000000000000e+02
2.550000000000000000e+02
2.550000000000000000e+02
2.550000000000000000e+02
2.550000000000000000e+02
2.550000000000000000e+02
2.550000000000000000e+02
2.550000000000000000e+02
2.550000000000000000e+02
2.550000000000000000e+02
2.550000000000000000e+02
2.550000000000000000e+02
2.550000000000000000e+02
2.550000000000000000e+02
2.550000000000000000e+02
2.550000000000000000e+02
2.550000000000000000e+02
2.550000000000000000e+02
2.550000000000000000e+02
2.550000000000000000e+02
2.550000000000000000e+02
2.550000000000000000e+02
2.550000000000000000e+02
2.550000000000000000e+02
2.550000000000000000e+02
2.550000000000000000e+02
2.550000000000000000e+02
2.550000000000000000e+02
2.550000000000000000e+02
2.550000000000000000e+02
2.550000000000000000e+02
2.550000000000000000e+02
2.550000000000000000e+02
2.550000000000000000e+02
2.550000000000000000e+02
2.550000000000000000e+02
2.550000000000000000e+02
2.550000000000000000e+02
2.550000000000000000e+02
2.550000000000000000e+02
2.550000000000000000e+02
2.550000000000000000e+02
2.550000000000000000e+02
2.550000000000000000e+02
2.550000000000000000e+02
2.550000000000000000e+02
2.550000000000000000e+02
2.550000000000000000e+02
2.550000000000000000e+02
2.550000000000000000e+02
2.550000000000000000e+02
2.550000000000000000e+02
2.550000000000000000e+02
2.550000000000000000e+02
2.550000000000000000e+02
2.550000000000000000e+02
2.550000000000000000e+02
2.550000000000000000e+02
2.550000000000000000e+02
2.550000000000000000e+02
2.550000000000000000e+02
2.550000000000000000e+02
2.550000000000000000e+02
2.530000000000000000e+02
2.550000000000000000e+02
2.520000000000000000e+02
5.000000000000000000e+00
0.000000000000000000e+00
1.000000000000000000e+00
1.000000000000000000e+00
2.000000000000000000e+00
0.000000000000000000e+00
0.000000000000000000e+00
0.000000000000000000e+00
0.000000000000000000e+00
0.000000000000000000e+00
0.000000000000000000e+00
0.000000000000000000e+00
0.000000000000000000e+00
0.000000000000000000e+00
0.000000000000000000e+00
0.000000000000000000e+00
0.000000000000000000e+00
0.000000000000000000e+00
0.000000000000000000e+00
0.000000000000000000e+00
0.000000000000000000e+00
0.000000000000000000e+00
0.000000000000000000e+00
0.000000000000000000e+00
0.000000000000000000e+00
0.000000000000000000e+00
0.000000000000000000e+00
0.000000000000000000e+00
0.000000000000000000e+00
0.000000000000000000e+00
0.000000000000000000e+00
0.000000000000000000e+00
0.000000000000000000e+00
0.000000000000000000e+00
0.000000000000000000e+00
0.000000000000000000e+00
0.000000000000000000e+00
0.000000000000000000e+00
0.000000000000000000e+00
0.000000000000000000e+00
0.000000000000000000e+00
0.000000000000000000e+00
0.000000000000000000e+00
0.000000000000000000e+00
0.000000000000000000e+00
0.000000000000000000e+00
0.000000000000000000e+00
0.000000000000000000e+00
0.000000000000000000e+00
0.000000000000000000e+00
0.000000000000000000e+00
0.000000000000000000e+00
0.000000000000000000e+00
0.000000000000000000e+00
0.000000000000000000e+00
0.000000000000000000e+00
0.000000000000000000e+00
0.000000000000000000e+00
0.000000000000000000e+00
0.000000000000000000e+00
0.000000000000000000e+00
0.000000000000000000e+00
0.000000000000000000e+00
0.000000000000000000e+00
0.000000000000000000e+00
0.000000000000000000e+00
0.000000000000000000e+00
0.000000000000000000e+00
0.000000000000000000e+00
0.000000000000000000e+00
0.000000000000000000e+00
0.000000000000000000e+00
0.000000000000000000e+00
0.000000000000000000e+00
0.000000000000000000e+00
0.000000000000000000e+00
0.000000000000000000e+00
